881085746
-647158237
1510639511
-1957223023
2140423081
1272424852
-926914341
2137955571
-1062327276
1239071687
-953747199
2024324007
-186794371
1722994693
1301852430
-1688433494
-1505949133
-1169584604
1276076996
1537622448
1580305314
-1540063326
1777885580
724853798
572749789
38059220
1818269141
1536433928
1659706484
-954956614
863381413
702007137
291655936
872916885
-522492764
1181228722
-779128391
-1134960289
-299761323
-1335152300
307155981
-1386638828
-122436210
-1894714420
93536246
-1940372284
-1058675484
-1974882108
-182409956
-1532861112
2088697575
536871110
1633238882
1727642028
1249625863
543386961
224843426
1770913504
-1601090098
-101564812
1285342167
-1527837634
-1095785164
-22080426
-967455706
1435625235
-766813175
-2097707581
-731151305
1217394758
754687176
420002991
1486672133
-475650850
1537272720
-336507026
1982266033
719102951
-76757299
-266300241
-89196805
1057143750
-271888859
692664930
-2015363363
-964700073
337142408
1154058031
2062442826
-1134050369
549540155
-591814244
223704757
262735584
-1360213662
512920647
-1318857414
-600772586
-517092142
188304829
-1667980976
-1618971706
-498804806
1863156106
1186217024
-661991474
-1033565441
-2090989580
251483284
-34504347
-1980166999
-1986112611
1081918939
-962618020
703639222
19437200
1342358194
2124156065
-1681494964
98828609
173667025
-1645819466
2087182379
-1740692991
-761217465
-1235216849
-1068089594
-261279777
590605993
-892001422
1769847222
-159082081
-1489211459
-827990328
-225198743
1410730341
-1791858551
-1531527575
-470625427
1336265146
1849584884
-562592140
885850107
1453930604
89384334
1446022042
-276032289
485808592
1461009233
2003748187
